unique_corners:
[array([4118,  779]), array([1120, 3263]), array([4190, 3232]), array([1055,  973])]

grouped_lines:
{87.33035688680623: [([4191, 3233], [4079, 831]), ([4122, 878], [4189, 3235]), (array([1056,  974], dtype=int32), array([1121, 3279], dtype=int32))], 175.59667289947018: [([4079, 831], [2183, 977]), (array([2462,  885], dtype=int32), array([1056,  974], dtype=int32)), ([2183, 977], [4122, 878]), ([2183, 3253], [4191, 3233]), ([4189, 3235], [2183, 3253])]}

bottom_image.lines:
[([4079, 831], [2183, 977]), ([2183, 977], [4122, 878]), ([4122, 878], [4189, 3235]), ([4189, 3235], [2183, 3253]), ([2183, 3253], [4191, 3233]), ([4191, 3233], [4079, 831])]

top_image.lines:
[(array([2462,  885], dtype=int32), array([1056,  974], dtype=int32)), (array([1056,  974], dtype=int32), array([1121, 3279], dtype=int32))]

